3, 3, 5, 7, 7, 1, 3, 3, 5, 5, 7, 1, 1, 3, 5, 5, 7, 7, 1, 3, 5, 5, 7, 7, 1, 3, 3, 5, 7, 7, 1, 3, 3, 5, 5, 7, 1, 2, 3, 5, 5, 7, 7, 1, 3, 3, 5, 7, 7, 1, 3, 3, 5, 5, 7, 1, 1, 3, 5, 5, 7, 1, 1, 3, 5, 5, 7, 7, 1, 3, 3, 5, 7, 7, 1, 3, 3, 5, 5, 7, 1, 1, 3, 5, 5, 7, 7, 1, 3, 3, 5, 7, 7, 1, 3, 3, 5, 7, 7, 1
3, 5, 5, 7, 7, 1, 3, 3, 5, 7, 7, 1, 1, 3, 5, 5, 7, 1, 1, 3, 5, 5, 7, 7, 1, 3, 3, 5, 7, 7, 1, 1, 3, 5, 5, 7, 1, 1, 3, 5, 5, 7, 1, 1, 3, 5, 5, 7, 7, 1, 3, 3, 5, 7, 7, 1, 1, 3, 5, 7
3, 3, 5, 7, 7, 1, 3, 3, 5, 5, 7, 1, 1, 3, 5, 5, 7, 1, 1, 3, 5, 5, 7, 7, 1, 3, 3, 5, 7, 7, 1, 3, 3, 5, 5, 7, 1, 1, 3, 5, 5, 7, 7, 1, 3, 3, 5, 7, 7, 1, 3, 3, 5, 5, 7, 1, 1, 3, 5, 5, 7, 7, 1, 3, 7
3, 3, 5, 7, 7, 1, 3, 3, 5, 5, 7, 1, 1, 3, 5, 5, 7, 1, 1, 3, 5, 5, 7, 7, 1, 3, 3, 5, 7, 7, 1, 3, 3, 5, 5, 7, 1, 1, 3, 5, 5, 7, 7, 1, 3, 3, 5, 7, 7, 1, 3, 3, 5, 5, 7, 1, 1, 3, 5, 5, 7, 7, 1, 3, 7
3, 3, 5, 7, 7, 1, 3, 3, 5, 7, 7, 1, 1, 3, 5, 5, 7, 1, 1, 3, 5, 5, 7, 7, 1, 3, 3, 5, 7, 7, 1, 3, 3, 5, 6, 7, 1, 1, 3, 5, 5, 7, 1, 1, 3, 5, 5, 7, 7, 1, 3, 3, 5, 7, 7, 1, 1, 3, 5, 5, 7, 1, 1, 3, 5, 5, 7, 7, 1, 3, 3, 5, 7, 7, 1, 3, 3, 5, 7, 1
3, 3, 5, 7, 7, 1, 3, 3, 5, 5, 7, 1, 1, 3, 5, 5, 7, 1, 1, 3, 5, 5, 7, 7, 1, 3, 3, 5, 7, 7, 1, 3, 3, 5, 5, 7, 1, 1, 3, 5, 5, 7, 7, 1, 3, 3, 5, 7, 7, 1, 3, 3, 5, 5, 7, 1, 1, 3, 5, 5, 7, 7, 1, 3, 7
3, 5, 5, 7, 7, 1, 3, 3, 5, 7, 7, 1, 1, 3, 5, 5, 7, 1, 1, 3, 5, 5, 7, 7, 1, 3, 3, 5, 7, 7, 1, 1, 3, 5, 5, 7, 1, 1, 3, 5, 5, 7, 1, 1, 3, 5, 5, 7, 7, 1, 3, 3, 5, 7, 7, 1, 1, 3, 5, 7

3, 3, 5, 7, 7, 1, 3, 3, 5, 5, 7, 1, 1, 3, 5, 5, 7, 1, 1, 3, 5, 5, 7, 7, 1, 3, 3, 5, 7, 7, 1, 3, 3, 5, 5, 7, 1, 1, 3, 5, 5, 7, 7, 1, 3, 3, 5, 7, 7, 1, 3, 3, 5, 5, 7, 1, 1, 3, 5, 5, 7, 7, 1, 3, 7
3, 3, 5, 7, 7, 1, 3, 3, 5, 5, 7, 1, 1, 3, 5, 5, 7, 1, 1, 3, 5, 5, 7, 7, 1, 3, 3, 5, 7, 7, 1, 3, 3, 5, 5, 7, 1, 1, 3, 5, 5, 7, 7, 1, 3, 3, 5, 7, 7, 1, 3, 3, 5, 5, 7, 1, 1, 3, 5, 5, 7, 7, 1, 3, 7
3, 4, 5, 7, 7, 1, 3, 3, 5, 5, 7, 1, 1, 3, 5, 5, 7, 1, 1, 3, 5, 5, 7, 7, 1, 3, 3, 5, 7, 7, 1, 3, 3, 5, 5, 7, 1, 3, 3, 5, 5, 7, 7, 1, 3, 3, 5, 7, 7, 1, 3, 3, 5, 5, 7, 1, 1, 3, 5, 6, 7, 1, 1, 3, 7
3, 5, 5, 7, 7, 1, 3, 3, 5, 5, 7, 1, 1, 3, 5, 5, 7, 1, 1, 3, 5, 5, 7, 7, 1, 3, 3, 5, 7, 7, 1, 3, 3, 5, 5, 7, 1, 3, 3, 5, 5, 7, 7, 1, 3, 3, 5, 7, 7, 1, 3, 3, 5, 5, 7, 1, 1, 3, 5, 5, 7, 7, 1, 3, 7
6, 2, 3, 3, 3, 3, 3, 3, 3, 3, 3, 3, 3, 5, 5, 4, 3, 4, 5, 5, 5, 5, 5, 5, 5, 5, 5, 5, 5, 6, 7, 7, 3, 7, 7, 7, 7, 7, 7, 4, 0, 1, 7, 5, 1, 7, 1, 7, 7, 7, 7, 1, 1, 3, 7, 3, 1, 1, 1, 1, 1, 1, 2, 3, 7
6, 2, 3, 3, 3, 3, 3, 3, 3, 3, 3, 3, 3, 5, 5, 4, 3, 4, 5, 5, 5, 5, 5, 5, 5, 5, 5, 5, 5, 6, 7, 7, 3, 7, 7, 7, 7, 7, 7, 4, 0, 1, 7, 5, 1, 7, 1, 7, 7, 7, 7, 1, 1, 3, 7, 3, 1, 1, 1, 1, 1, 1, 2, 3, 7
